bgm_volume = 0.8999999999999999
env_volume = 0.8999999999999999
effect_volume = 0.7999999999999998
